0.0
0.0
0.0
0.0
0.0
0.0
0.13793103448275865
0.0
0.0
0.0
0.0
0.0
0.0
0.0
0.0
0.13793103448275865
0.0
0.0
0.0
0.0
0.0
0.0
0.07407407407407408
0.0
0.07407407407407408
0.07407407407407408
0.0
0.0
0.0
0.07407407407407408
0.0
0.0
0.07407407407407408
0.07407407407407408
0.0
0.0
0.0
0.0
0.0
0.07407407407407408
0.0
0.07142857142857144
0.0
0.07142857142857144
0.0
0.0
0.0
0.0
0.0
0.0
0.0
0.0
0.07142857142857144
0.0
0.0
0.0
0.07407407407407408
0.0
0.0
0.0
0.0
0.0
0.0
0.0
0.0
0.0
0.0
0.0
0.0
0.0
0.07142857142857144
0.0
0.0
0.0
0.0
0.0
0.0
0.0
0.0
0.0
0.06896551724137932
0.0
0.07407407407407408
0.0
0.0
0.07407407407407408
0.0
0.0
0.0
0.0
0.0
0.0
0.0
0.0
0.0
0.0
0.0
0.0
0.07142857142857144
0.0
0.0
0.14814814814814817
0.0
0.0
0.0
0.07407407407407408
0.0
0.07407407407407408
0.0
0.0
0.0
0.22222222222222224
0.0
0.0
0.07407407407407408
0.0
0.07407407407407408
0.0
0.0
0.0
0.07407407407407408
0.0
0.0
0.0
0.0
0.0
0.0
0.0
0.07142857142857144
0.07142857142857144
0.0
0.07407407407407408
0.0
0.0
0.0
0.0
0.0
0.0
0.0
0.0
0.0
0.0
0.14814814814814817
0.06896551724137932
0.0
0.0
